413 114 237 1
248 46 152 1
242 7 71 1
45 82 214 1
322 52 220 1
416 215 18 1
356 177 104 1
159 78 255 1
182 49 243 1
189 42 23 1
34 68 5 1
169 115 236 1
407 203 144 1
106 49 93 1
137 42 77 1
323 65 192 1
425 53 64 1
193 66 90 1
367 52 153 1
340 77 68 1
69 44 53 1
69 46 55 1
103 46 140 1
318 55 73 1
79 45 69 1
438 180 39 1
356 179 138 1
356 178 217 1
65 68 55 1
278 48 132 1
43 81 41 1
256 75 99 1
295 94 188 1
104 100 100 1
318 52 68 1
242 81 236 1
355 171 219 1
313 68 293 1
320 52 190 1
5 15 8 1
356 180 277 1
304 134 226 1
199 73 22 1
261 140 80 1
307 68 39 1
19 49 59 1
416 185 30 1
229 24 121 1
197 129 175 1
65 76 290 1
438 78 100 1
412 78 300 1
69 46 85 1
107 45 293 1
65 75 99 1
169 37 117 1
148 43 151 1
19 45 85 1
417 52 68 1
99 74 99 1
135 44 93 1
390 55 228 1
242 139 79 1
351 43 237 1
212 43 13 1
416 215 215 1
24 60 12 1
4 5 260 1
51 17 246 1
438 174 30 1
356 40 21 1
169 118 225 1
261 149 155 1
261 137 222 1
40 45 41 1
242 135 125 1
56 32 101 1
24 63 144 1
192 99 21 1
433 110 93 1
292 46 122 1
385 99 93 1
197 129 58 1
416 213 214 1
416 185 35 1
107 76 147 1
24 60 100 1
242 107 182 1
416 212 195 1
413 163 237 1
5 8 238 1
387 44 93 1
242 135 246 1
416 208 247 1
86 95 205 1
289 49 154 1
429 24 224 1
328 157 290 1
416 185 212 1
410 74 8 1
242 143 80 1
181 48 107 1
169 34 68 1
223 78 96 1
322 68 238 1
416 85 129 1
161 78 205 1
356 175 241 1
292 44 69 1
438 175 69 1
23 16 75 1
382 186 190 1
135 45 93 1
103 77 74 1
292 43 55 1
289 49 115 1
331 168 153 1
89 78 288 1
261 148 80 1
300 73 280 1
24 62 141 1
103 75 243 1
133 44 73 1
19 45 292 1
438 40 122 1
377 16 87 1
416 176 193 1
410 163 247 1
10 23 224 1
242 83 294 1
390 75 153 1
292 156 21 1
438 177 104 1
416 210 87 1
285 99 101 1
51 86 66 1
307 43 122 1
172 120 185 1
186 89 205 1
193 66 147 1
257 103 295 1
313 48 293 1
340 45 20 1
356 138 238 1
197 78 88 1
79 76 8 1
145 49 121 1
438 174 24 1
331 165 217 1
242 137 201 1
162 43 177 1
261 135 220 1
65 45 219 1
10 24 125 1
38 78 118 1
238 99 147 1
103 45 272 1
242 11 211 1
313 44 293 1
242 13 104 1
277 78 41 1
117 53 93 1
242 138 138 1
90 43 93 1
313 43 138 1
103 74 215 1
242 139 179 1
3 3 22 1
186 89 190 1
182 74 144 1
116 66 246 1
258 73 287 1
234 9 214 1
37 30 82 1
187 48 53 1
317 49 129 1
16 0 190 1
103 52 121 1
356 138 12 1
429 24 188 1
3 3 90 1
351 43 55 1
24 59 68 1
54 46 207 1
257 103 225 1
212 78 205 1
261 132 96 1
269 110 87 1
242 13 270 1
383 78 182 1
438 121 211 1
62 52 68 1
14 34 107 1
416 121 86 1
23 17 270 1
42 79 167 1
320 45 296 1
377 16 21 1
69 48 243 1
65 43 115 1
300 73 187 1
165 42 100 1
313 48 288 1
34 48 69 1
103 44 207 1
242 141 211 1
18 41 8 1
103 43 275 1
356 172 289 1
377 17 126 1
436 130 295 1
142 109 75 1
24 59 100 1
222 93 185 1
352 46 102 1
304 134 122 1
422 41 237 1
436 129 65 1
246 42 93 1
154 42 173 1
169 114 107 1
313 45 100 1
242 10 4 1
314 49 238 1
253 78 271 1
21 55 69 1
292 49 100 1
418 46 100 1
307 43 21 1
54 52 243 1
181 48 155 1
148 99 153 1
42 79 121 1
256 45 224 1
53 76 93 1
238 46 121 1
232 43 186 1
242 140 80 1
416 0 195 1
382 186 58 1
337 43 80 1
103 46 207 1
390 77 238 1
341 16 241 1
88 42 293 1
53 48 93 1
32 70 80 1
143 110 99 1
14 37 235 1
413 114 5 1
289 49 177 1
313 76 290 1
36 74 220 1
241 44 100 1
259 69 50 1
169 113 81 1
124 74 147 1
5 11 238 1
436 130 189 1
121 78 176 1
148 52 237 1
438 185 99 1
304 134 71 1
421 219 73 1
104 100 69 1
102 98 296 1
43 81 241 1
416 212 39 1
155 17 195 1
356 78 182 1
438 121 90 1
416 175 235 1
410 23 86 1
389 132 72 1
342 42 214 1
23 24 214 1
356 176 24 1
114 54 237 1
356 121 247 1
406 202 60 1
9 22 187 1
23 17 64 1
57 7 88 1
278 52 16 1
51 16 13 1
229 24 296 1
431 52 154 1
10 23 182 1
242 109 187 1
82 78 211 1
356 173 94 1
200 48 153 1
405 45 69 1
39 49 189 1
377 17 93 1
188 53 190 1
356 80 58 1
416 214 175 1
390 45 69 1
103 52 68 1
416 203 140 1
416 182 60 1
340 48 72 1
276 49 275 1
292 157 38 1
17 39 192 1
261 132 21 1
70 45 68 1
295 45 237 1
77 52 64 1
318 55 80 1
300 160 271 1
257 103 201 1
217 42 185 1
313 46 220 1
198 41 211 1
397 46 187 1
122 52 8 1
65 48 183 1
416 182 15 1
300 139 117 1
304 78 246 1
279 71 85 1
356 121 90 1
261 148 144 1
193 122 126 1
410 205 140 1
31 71 38 1
438 185 201 1
295 74 188 1
169 37 14 1
161 78 214 1
356 184 101 1
416 203 202 1
83 48 187 1
331 168 202 1
103 76 187 1
351 44 237 1
364 80 272 1
340 77 30 1
356 182 172 1
374 17 101 1
23 16 93 1
410 163 271 1
38 78 84 1
107 75 295 1
356 138 2 1
242 10 71 1
416 185 67 1
228 51 65 1
343 44 285 1
46 83 21 1
416 211 65 1
261 143 155 1
383 78 46 1
53 74 93 1
279 71 27 1
65 68 96 1
82 78 111 1
339 121 100 1
438 175 96 1
142 109 77 1
318 52 69 1
111 46 182 1
14 35 179 1
416 176 151 1
51 53 80 1
410 206 94 1
307 68 100 1
100 66 296 1
313 43 186 1
411 53 138 1
416 0 137 1
242 139 222 1
7 19 187 1
438 185 189 1
300 160 155 1
242 135 16 1
182 46 38 1
189 42 290 1
23 16 22 1
285 99 214 1
140 78 190 1
276 49 220 1
187 45 100 1
242 6 129 1
103 45 147 1
24 59 281 1
195 69 79 1
221 75 140 1
78 43 11 1
300 73 271 1
55 89 65 1
201 46 121 1
87 43 93 1
56 17 192 1
14 37 132 1
192 22 65 1
42 80 207 1
65 45 38 1
413 37 64 1
14 36 27 1
242 13 115 1
168 52 5 1
94 69 93 1
157 60 13 1
438 80 121 1
187 48 33 1
413 119 64 1
331 168 238 1
261 136 11 1
416 182 279 1
14 37 226 1
290 146 237 1
169 37 93 1
416 181 217 1
209 42 71 1
289 49 20 1
356 0 225 1
355 171 130 1
17 39 237 1
352 48 36 1
436 130 107 1
4 4 237 1
242 139 125 1
354 33 145 1
242 11 118 1
292 44 211 1
325 24 186 1
82 42 144 1
51 16 157 1
361 78 144 1
357 46 100 1
215 51 246 1
14 36 2 1
433 83 237 1
416 218 107 1
438 78 86 1
125 60 169 1
433 110 169 1
402 200 225 1
42 80 197 1
51 16 260 1
305 45 138 1
352 46 35 1
231 53 31 1
51 17 46 1
41 53 153 1
208 45 224 1
420 30 100 1
79 76 219 1
405 68 215 1
279 154 192 1
52 55 202 1
111 74 121 1
416 121 93 1
438 181 11 1
312 40 93 1
429 24 14 1
65 48 35 1
378 194 154 1
133 44 5 1
56 90 27 1
300 161 130 1
406 202 190 1
169 78 185 1
24 62 30 1
193 122 177 1
405 75 266 1
24 57 110 1
235 51 296 1
66 92 93 1
138 108 292 1
215 51 88 1
370 190 279 1
12 28 80 1
416 215 279 1
318 68 246 1
111 48 219 1
295 52 182 1
201 46 202 1
410 163 27 1
300 161 111 1
46 84 138 1
331 168 217 1
435 171 188 1
154 42 247 1
103 44 260 1
169 116 164 1
24 60 236 1
438 78 30 1
356 185 38 1
261 132 281 1
356 172 225 1
254 69 184 1
416 218 176 1
341 16 84 1
340 46 243 1
84 44 68 1
64 60 77 1
59 51 186 1
438 78 118 1
57 7 8 1
289 49 225 1
155 17 214 1
114 103 237 1
111 46 35 1
261 149 35 1
34 76 69 1
59 51 11 1
276 49 153 1
389 132 96 1
242 141 179 1
429 24 290 1
416 3 187 1
69 49 59 1
103 76 182 1
103 94 280 1
166 43 186 1
211 54 122 1
300 109 194 1
416 217 177 1
225 124 93 1
300 73 44 1
111 48 154 1
19 45 22 1
316 163 260 1
6 18 288 1
261 143 215 1
267 53 180 1
122 44 100 1
264 99 109 1
413 116 237 1
197 78 90 1
148 43 255 1
261 140 129 1
344 78 100 1
438 173 190 1
355 171 88 1
123 41 187 1
51 72 5 1
261 150 155 1
313 44 243 1
410 23 209 1
413 118 185 1
242 109 179 1
60 49 288 1
255 66 234 1
416 181 49 1
154 42 95 1
169 119 45 1
111 45 236 1
407 203 268 1
413 116 202 1
364 80 71 1
120 69 18 1
245 78 155 1
356 40 129 1
261 145 192 1
253 78 90 1
24 61 208 1
122 45 27 1
69 48 235 1
174 41 80 1
193 66 39 1
331 165 202 1
405 74 11 1
356 181 100 1
4 4 177 1
292 157 104 1
349 78 122 1
178 55 238 1
145 49 72 1
40 76 182 1
214 42 188 1
68 78 219 1
416 3 219 1
240 74 93 1
251 131 93 1
266 128 279 1
405 201 77 1
343 74 285 1
19 49 144 1
416 208 294 1
406 202 155 1
228 22 220 1
328 157 59 1
54 87 68 1
114 51 96 1
246 42 85 1
295 46 11 1
133 48 154 1
85 75 238 1
416 213 172 1
291 0 188 1
421 16 45 1
111 45 293 1
438 138 209 1
54 88 68 1
103 43 87 1
182 52 290 1
325 74 214 1
300 141 125 1
240 44 93 1
426 128 260 1
78 43 115 1
242 135 120 1
410 205 153 1
21 46 237 1
315 69 205 1
416 172 288 1
136 43 93 1
96 43 153 1
182 46 279 1
194 125 144 1
278 43 220 1
204 52 155 1
19 48 27 1
356 80 60 1
242 9 106 1
410 205 173 1
345 49 177 1
242 83 222 1
356 121 58 1
318 68 38 1
10 23 88 1
51 86 222 1
132 77 147 1
13 29 180 1
91 74 226 1
15 38 21 1
356 121 21 1
318 77 214 1
169 113 266 1
438 174 192 1
103 76 33 1
300 109 2 1
140 78 0 1
42 79 33 1
216 99 93 1
416 182 268 1
261 151 219 1
54 46 99 1
54 88 183 1
232 53 99 1
242 13 68 1
197 129 295 1
405 77 100 1
344 169 156 1
194 127 275 1
199 131 138 1
169 118 213 1
17 39 177 1
438 138 190 1
148 52 182 1
242 140 45 1
261 135 100 1
42 60 107 1
260 49 24 1
292 49 27 1
169 113 172 1
390 48 153 1
23 16 81 1
416 215 75 1
164 43 96 1
278 43 246 1
69 48 233 1
102 51 122 1
356 138 81 1
356 40 65 1
392 52 121 1
295 48 69 1
261 109 220 1
365 17 21 1
107 43 21 1
162 46 177 1
366 187 138 1
166 49 296 1
352 48 285 1
301 69 93 1
114 103 115 1
14 34 130 1
300 109 120 1
438 173 193 1
19 47 215 1
253 78 88 1
356 138 190 1
416 85 270 1
246 42 55 1
292 48 186 1
410 206 290 1
114 103 13 1
416 85 205 1
103 43 11 1
269 110 143 1
365 186 290 1
158 54 5 1
187 74 186 1
107 45 185 1
169 113 171 1
231 53 290 1
181 74 121 1
356 174 36 1
230 68 93 1
356 0 101 1
268 17 185 1
356 185 272 1
19 43 102 1
261 135 59 1
127 53 143 1
413 118 237 1
130 52 220 1
265 22 93 1
13 29 243 1
261 143 87 1
183 42 202 1
231 72 88 1
103 44 293 1
10 24 14 1
155 17 100 1
182 43 186 1
299 69 225 1
290 146 18 1
18 40 5 1
242 142 288 1
242 9 202 1
417 46 188 1
69 49 215 1
181 76 180 1
406 202 281 1
331 168 225 1
355 171 246 1
261 83 69 1
261 149 93 1
319 42 234 1
405 45 80 1
356 185 145 1
356 185 201 1
356 175 260 1
356 174 155 1
281 52 145 1
24 61 126 1
194 127 292 1
350 54 11 1
197 129 179 1
51 16 228 1
285 45 140 1
83 49 93 1
324 17 5 1
194 67 205 1
45 82 205 1
166 49 205 1
19 46 129 1
19 49 69 1
38 78 155 1
69 49 260 1
300 160 140 1
176 69 125 1
124 44 147 1
24 61 211 1
136 43 155 1
19 44 213 1
336 49 237 1
194 67 18 1
125 72 22 1
307 43 77 1
242 143 122 1
111 45 80 1
199 131 235 1
261 109 93 1
21 44 296 1
438 180 35 1
11 25 96 1
416 211 290 1
340 74 173 1
356 178 89 1
258 73 96 1
95 69 71 1
107 45 182 1
360 32 183 1
221 45 189 1
390 74 220 1
364 80 296 1
98 44 186 1
319 42 22 1
438 184 65 1
259 69 16 1
182 49 212 1
193 123 22 1
125 45 115 1
19 45 8 1
103 48 22 1
40 46 182 1
24 59 63 1
416 185 193 1
416 111 24 1
51 16 62 1
400 30 68 1
19 47 22 1
192 99 16 1
169 116 140 1
24 58 68 1
33 52 64 1
351 44 155 1
384 99 121 1
24 57 81 1
413 34 5 1
376 192 93 1
269 110 77 1
243 78 202 1
356 78 292 1
14 35 207 1
125 53 107 1
34 43 5 1
242 107 226 1
21 52 177 1
438 185 138 1
277 99 172 1
142 109 78 1
351 48 58 1
414 45 22 1
69 44 243 1
295 44 237 1
42 60 21 1
413 37 72 1
438 175 90 1
51 53 271 1
82 42 232 1
82 78 14 1
266 128 236 1
294 74 22 1
242 81 80 1
413 118 202 1
37 53 118 1
356 179 260 1
182 77 190 1
425 55 39 1
192 22 252 1
416 4 86 1
56 32 260 1
375 191 285 1
397 44 187 1
438 182 13 1
116 66 290 1
169 34 201 1
92 96 122 1
103 46 202 1
370 189 279 1
19 47 58 1
157 60 243 1
187 43 186 1
361 17 254 1
24 62 77 1
242 141 84 1
307 68 93 1
438 174 16 1
318 45 115 1
356 172 182 1
356 80 177 1
14 35 90 1
261 140 55 1
252 58 64 1
11 27 96 1
294 46 140 1
439 42 214 1
416 172 201 1
404 121 243 1
242 6 215 1
103 99 172 1
416 175 201 1
111 74 182 1
193 122 4 1
416 0 187 1
436 130 101 1
330 49 100 1
138 108 13 1
182 68 243 1
155 17 229 1
295 74 115 1
292 49 205 1
169 34 205 1
297 158 138 1
169 113 167 1
242 139 294 1
416 3 185 1
268 17 246 1
231 52 104 1
182 68 100 1
438 80 185 1
237 55 0 1
65 76 202 1
256 75 243 1
242 139 89 1
360 32 71 1
261 83 226 1
427 220 100 1
351 48 237 1
356 177 35 1
42 58 292 1
416 181 296 1
111 48 58 1
416 216 187 1
261 148 155 1
69 44 201 1
54 54 177 1
114 102 241 1
193 122 31 1
119 105 187 1
82 78 225 1
65 76 225 1
140 78 121 1
434 78 93 1
372 24 90 1
23 24 266 1
335 78 93 1
48 54 186 1
181 74 154 1
211 99 185 1
10 23 154 1
147 42 295 1
228 51 7 1
6 17 39 1
268 17 192 1
99 52 237 1
307 45 237 1
416 185 6 1
54 52 180 1
280 74 5 1
369 17 79 1
304 54 186 1
237 54 180 1
40 44 101 1
413 114 288 1
54 55 72 1
45 53 69 1
31 71 68 1
278 72 78 1
416 207 99 1
103 46 293 1
416 214 220 1
300 139 263 1
187 74 138 1
143 110 238 1
438 138 75 1
356 172 281 1
300 141 192 1
69 49 290 1
54 87 243 1
408 82 45 1
112 52 285 1
279 71 87 1
197 78 226 1
438 173 189 1
129 49 65 1
99 74 154 1
391 73 270 1
212 49 185 1
435 171 246 1
300 109 257 1
82 78 144 1
343 45 285 1
124 52 147 1
111 75 140 1
194 67 290 1
32 70 243 1
261 146 281 1
158 55 5 1
256 75 138 1
365 134 21 1
416 175 121 1
78 43 155 1
300 161 4 1
242 143 176 1
23 17 16 1
377 17 211 1
307 68 45 1
182 46 243 1
59 54 187 1
127 72 185 1
202 60 41 1
111 48 243 1
356 80 141 1
261 141 118 1
381 195 21 1
24 64 66 1
292 146 39 1
65 74 222 1
65 45 79 1
355 171 182 1
363 131 185 1
197 78 117 1
318 68 186 1
111 48 121 1
133 43 275 1
208 99 186 1
48 55 225 1
240 48 93 1
309 49 296 1
65 48 243 1
152 71 18 1
410 206 62 1
234 9 195 1
356 184 244 1
54 43 72 1
354 33 226 1
41 72 122 1
264 99 182 1
416 210 295 1
319 42 80 1
261 137 186 1
42 58 295 1
405 201 72 1
179 43 68 1
410 206 84 1
169 37 168 1
391 70 62 1
3 3 167 1
297 158 64 1
228 51 19 1
267 53 288 1
91 74 154 1
182 48 96 1
51 86 165 1
279 154 155 1
424 52 5 1
32 73 80 1
416 212 22 1
339 121 274 1
356 80 249 1
103 52 214 1
282 58 260 1
255 66 129 1
303 49 18 1
438 80 138 1
45 53 41 1
82 55 22 1
144 55 73 1
164 43 99 1
398 78 288 1
410 163 8 1
46 84 11 1
169 113 154 1
313 68 4 1
166 49 109 1
356 179 207 1
292 49 121 1
40 48 115 1
172 120 140 1
279 154 75 1
384 196 121 1
181 45 202 1
325 74 224 1
167 68 5 1
416 3 229 1
416 213 171 1
18 41 5 1
261 150 122 1
150 78 75 1
363 131 243 1
56 17 27 1
292 156 41 1
242 136 290 1
378 193 173 1
194 124 41 1
24 64 81 1
212 49 72 1
388 78 255 1
182 68 155 1
391 70 236 1
215 51 237 1
300 109 271 1
261 136 138 1
166 110 86 1
436 130 16 1
438 180 71 1
65 75 122 1
48 55 290 1
438 184 75 1
5 14 260 1
261 145 122 1
65 68 214 1
253 78 283 1
228 22 44 1
304 55 222 1
425 72 27 1
69 43 20 1
241 68 100 1
23 16 64 1
82 42 226 1
222 91 30 1
38 78 9 1
19 44 225 1
51 17 90 1
195 69 53 1
242 15 186 1
277 99 38 1
246 42 120 1
155 17 53 1
300 141 145 1
170 45 214 1
416 209 235 1
129 49 220 1
114 55 153 1
194 124 225 1
51 72 186 1
438 177 18 1
382 186 144 1
152 71 226 1
159 78 272 1
359 45 153 1
416 211 143 1
123 41 243 1
391 73 235 1
242 15 96 1
180 55 237 1
327 165 173 1
24 63 8 1
103 48 290 1
261 150 65 1
292 157 118 1
114 51 121 1
300 109 192 1
54 87 183 1
107 76 238 1
261 115 106 1
24 63 145 1
436 129 86 1
84 45 68 1
176 69 187 1
107 75 225 1
310 53 121 1
416 211 66 1
169 116 171 1
278 45 144 1
324 17 8 1
111 75 272 1
181 75 39 1
192 22 115 1
201 44 173 1
391 73 24 1
111 43 255 1
307 46 93 1
69 49 182 1
98 44 153 1
170 74 59 1
242 141 185 1
242 109 8 1
238 99 288 1
111 45 154 1
228 22 171 1
272 17 220 1
261 115 30 1
427 99 138 1
19 45 140 1
356 80 143 1
403 33 205 1
116 66 18 1
192 99 272 1
21 48 177 1
351 43 73 1
322 77 220 1
62 52 272 1
242 73 115 1
349 78 79 1
356 176 99 1
104 101 77 1
142 16 77 1
416 3 101 1
123 41 38 1
176 69 126 1
377 16 79 1
321 42 222 1
52 54 202 1
413 116 173 1
416 3 73 1
83 48 126 1
278 72 69 1
143 110 120 1
356 174 11 1
73 53 11 1
292 146 22 1
20 50 115 1
24 59 225 1
107 45 213 1
195 69 184 1
129 49 177 1
99 45 186 1
367 52 38 1
242 15 73 1
32 70 96 1
161 78 290 1
271 153 93 1
242 11 232 1
272 17 228 1
191 46 294 1
361 78 287 1
235 45 296 1
421 16 145 1
149 74 153 1
242 10 144 1
7 19 237 1
182 49 154 1
292 46 30 1
371 24 237 1
228 22 271 1
294 43 152 1
219 49 4 1
103 44 183 1
103 99 194 1
197 78 111 1
362 17 188 1
416 216 71 1
125 60 115 1
5 12 260 1
402 200 185 1
356 176 292 1
240 45 93 1
40 75 238 1
86 95 294 1
374 17 271 1
416 172 193 1
356 40 27 1
209 42 236 1
401 199 77 1
84 75 122 1
279 71 121 1
242 143 182 1
289 30 115 1
19 46 211 1
356 138 7 1
372 24 227 1
24 63 280 1
298 43 58 1
278 99 66 1
150 78 201 1
159 78 90 1
300 139 295 1
415 31 122 1
111 43 27 1
197 130 102 1
6 18 5 1
122 74 8 1
391 70 89 1
261 135 226 1
38 78 151 1
268 17 45 1
69 48 69 1
362 17 153 1
300 73 173 1
124 76 147 1
212 78 144 1
23 24 74 1
413 113 64 1
186 89 54 1
111 44 226 1
212 43 202 1
56 32 185 1
261 137 73 1
295 48 182 1
166 43 93 1
416 209 292 1
381 195 8 1
197 130 132 1
234 9 58 1
142 16 68 1
378 166 45 1
352 48 5 1
23 24 167 1
166 43 73 1
111 75 4 1
8 20 238 1
65 24 226 1
438 181 190 1
231 52 182 1
293 74 154 1
181 46 294 1
169 119 31 1
388 78 41 1
60 49 153 1
197 129 185 1
388 78 94 1
304 134 129 1
438 178 241 1
24 59 138 1
416 215 169 1
228 51 292 1
142 109 260 1
261 109 227 1
193 122 232 1
176 69 122 1
65 52 220 1
143 110 190 1
404 121 118 1
361 17 226 1
253 78 23 1
416 214 99 1
103 75 18 1
392 68 121 1
331 165 153 1
209 42 164 1
242 139 10 1
356 184 46 1
351 48 155 1
295 74 237 1
45 82 58 1
410 74 211 1
166 110 4 1
242 11 195 1
217 42 38 1
178 54 238 1
356 80 188 1
188 53 59 1
388 78 126 1
356 184 187 1
103 43 33 1
416 185 69 1
438 80 268 1
169 113 295 1
398 78 31 1
56 90 121 1
352 44 293 1
242 135 104 1
102 98 71 1
177 46 93 1
228 22 199 1
114 102 215 1
197 130 140 1
438 173 281 1
295 43 237 1
23 17 100 1
111 46 185 1
24 56 3 1
222 91 117 1
107 43 72 1
9 22 85 1
193 122 206 1
341 17 55 1
250 69 89 1
438 40 85 1
300 109 145 1
321 42 35 1
256 76 129 1
379 78 72 1
199 70 215 1
438 182 290 1
120 69 16 1
14 34 53 1
242 136 80 1
313 44 288 1
46 84 238 1
197 129 208 1
438 175 129 1
134 41 115 1
82 55 293 1
231 52 291 1
85 76 238 1
182 45 279 1
348 56 93 1
78 43 246 1
32 73 290 1
377 17 287 1
24 60 255 1
100 66 226 1
413 117 20 1
90 48 93 1
166 110 227 1
65 76 87 1
238 48 5 1
293 77 27 1
261 147 214 1
177 74 93 1
361 17 215 1
335 78 187 1
412 78 35 1
200 43 153 1
112 45 285 1
262 46 220 1
331 168 71 1
356 40 235 1
300 141 46 1
14 34 266 1
300 139 287 1
169 78 11 1
9 21 154 1
10 24 93 1
69 46 77 1
34 44 5 1
379 78 213 1
69 43 122 1
199 73 155 1
169 37 151 1
169 115 82 1
350 54 132 1
307 45 93 1
155 17 144 1
14 36 180 1
159 78 155 1
222 91 140 1
356 172 104 1
86 95 96 1
14 36 226 1
242 73 236 1
123 41 30 1
416 182 107 1
421 219 38 1
111 74 4 1
300 161 145 1
217 42 234 1
41 53 186 1
166 49 252 1
200 46 153 1
88 42 182 1
278 45 220 1
142 109 27 1
300 160 125 1
313 77 38 1
116 66 138 1
313 43 144 1
292 146 225 1
24 63 23 1
277 78 99 1
167 68 99 1
166 46 274 1
293 43 192 1
269 152 14 1
102 51 110 1
305 45 296 1
116 66 90 1
377 16 73 1
312 41 153 1
114 104 13 1
356 0 22 1
39 49 243 1
300 139 109 1
3 3 223 1
89 78 154 1
41 30 235 1
127 72 77 1
307 77 121 1
169 37 99 1
261 143 225 1
206 49 214 1
416 210 292 1
182 52 243 1
242 6 115 1
425 55 260 1
172 93 243 1
166 46 109 1
388 78 39 1
253 78 115 1
242 135 255 1
19 48 226 1
184 41 153 1
114 103 188 1
269 110 177 1
242 142 214 1
269 110 14 1
269 110 18 1
356 182 157 1
238 43 215 1
107 76 58 1
150 78 280 1
261 146 66 1
416 4 27 1
391 73 202 1
126 107 222 1
242 6 226 1
21 54 8 1
169 117 177 1
416 203 171 1
51 86 109 1
120 69 138 1
307 48 64 1
261 115 155 1
130 52 96 1
410 23 215 1
39 49 87 1
193 66 68 1
104 101 121 1
23 24 207 1
24 60 234 1
242 136 118 1
193 66 280 1
199 73 71 1
409 43 187 1
182 44 23 1
159 78 122 1
411 162 226 1
242 141 260 1
65 44 18 1
221 43 20 1
242 9 30 1
307 75 255 1
352 46 14 1
125 55 152 1
42 58 85 1
356 175 39 1
242 15 22 1
94 69 21 1
169 118 190 1
56 32 74 1
341 16 27 1
169 114 260 1
221 52 21 1
247 49 226 1
255 66 73 1
38 78 100 1
388 78 16 1
222 93 287 1
277 99 281 1
207 78 260 1
191 43 238 1
416 208 272 1
307 76 8 1
311 78 67 1
40 46 101 1
416 172 281 1
135 74 93 1
193 122 217 1
260 49 7 1
111 74 224 1
294 74 65 1
154 42 121 1
279 154 241 1
356 183 8 1
14 34 84 1
300 109 125 1
169 114 86 1
124 43 147 1
242 83 120 1
373 121 238 1
416 209 24 1
307 76 35 1
246 42 192 1
293 43 138 1
416 0 99 1
261 150 173 1
375 191 177 1
182 44 4 1
356 178 30 1
134 41 87 1
299 69 18 1
313 76 243 1
169 116 104 1
37 30 222 1
103 74 86 1
300 160 142 1
73 53 140 1
292 43 129 1
438 80 18 1
72 52 3 1
261 149 100 1
391 73 140 1
36 44 173 1
340 45 293 1
362 32 237 1
355 171 292 1
212 78 106 1
243 78 94 1
391 73 233 1
82 55 234 1
416 214 151 1
281 52 205 1
51 53 211 1
111 45 220 1
114 103 68 1
401 199 167 1
181 68 180 1
7 19 188 1
364 80 89 1
416 207 296 1
56 32 13 1
65 74 69 1
150 78 84 1
366 146 138 1
177 43 93 1
261 148 87 1
82 55 129 1
65 74 192 1
408 204 238 1
257 103 71 1
278 44 68 1
361 78 173 1
438 180 38 1
155 17 74 1
294 43 100 1
65 48 225 1
356 180 294 1
236 68 290 1
266 128 46 1
203 52 93 1
303 53 187 1
107 43 90 1
416 4 217 1
356 185 63 1
30 70 202 1
189 42 215 1
356 78 80 1
161 78 39 1
416 214 96 1
53 43 93 1
10 24 64 1
146 111 68 1
438 181 126 1
416 175 175 1
250 69 235 1
438 178 22 1
364 80 54 1
19 45 13 1
416 4 182 1
304 78 296 1
181 75 5 1
242 9 80 1
410 54 225 1
54 55 5 1
169 119 0 1
5 7 18 1
56 90 21 1
294 43 183 1
408 82 220 1
19 45 64 1
169 113 175 1
40 76 115 1
24 64 93 1
278 44 272 1
150 78 112 1
28 49 122 1
288 99 177 1
242 10 176 1
103 94 86 1
43 81 88 1
65 46 80 1
333 41 138 1
98 43 115 1
438 80 100 1
261 150 100 1
152 71 235 1
116 66 132 1
189 42 7 1
126 107 22 1
356 182 15 1
416 207 59 1
56 90 173 1
228 51 180 1
253 78 277 1
261 150 192 1
340 46 293 1
193 123 214 1
272 17 260 1
193 123 206 1
356 181 177 1
194 125 219 1
313 46 202 1
318 45 153 1
238 46 8 1
292 46 87 1
125 43 169 1
416 211 38 1
400 58 68 1
290 146 88 1
173 42 55 1
416 216 235 1
351 46 233 1
352 48 140 1
10 23 11 1
182 68 90 1
21 52 192 1
371 24 246 1
410 163 74 1
361 78 68 1
278 46 132 1
11 26 189 1
242 109 260 1
261 109 96 1
337 49 214 1
377 17 16 1
187 48 182 1
341 17 65 1
242 81 260 1
319 42 21 1
416 181 46 1
390 44 238 1
295 46 237 1
110 55 217 1
37 53 140 1
261 136 64 1
336 49 88 1
360 32 190 1
398 78 42 1
250 69 132 1
142 16 268 1
169 118 217 1
318 74 271 1
103 99 71 1
356 174 275 1
133 46 237 1
242 138 161 1
98 44 80 1
24 58 35 1
125 74 107 1
268 17 22 1
84 46 68 1
356 78 101 1
356 176 270 1
10 24 225 1
233 53 93 1
54 74 243 1
416 210 280 1
438 177 252 1
416 209 188 1
40 43 238 1
410 23 295 1
416 176 227 1
295 48 154 1
167 68 90 1
416 121 81 1
369 17 202 1
340 48 260 1
79 75 72 1
45 82 288 1
54 68 5 1
214 42 217 1
51 17 80 1
51 53 205 1
83 46 154 1
198 41 90 1
169 114 291 1
356 179 39 1
261 141 96 1
21 48 69 1
269 152 182 1
307 74 96 1
110 54 69 1
21 44 237 1
284 155 81 1
356 174 167 1
346 42 138 1
51 17 88 1
144 54 73 1
278 44 290 1
436 130 129 1
356 175 206 1
92 96 231 1
169 117 107 1
438 173 85 1
187 44 132 1
51 16 80 1
416 4 171 1
429 24 96 1
421 16 186 1
416 218 30 1
169 78 288 1
438 138 39 1
56 17 182 1
435 171 182 1
95 69 173 1
0 0 180 1
407 203 155 1
356 181 217 1
438 138 238 1
413 114 252 1
242 83 288 1
312 40 266 1
23 17 74 1
238 49 11 1
318 74 66 1
361 17 85 1
316 163 44 1
307 74 188 1
378 193 214 1
228 51 27 1
88 42 183 1
346 42 27 1
242 9 235 1
390 75 73 1
416 3 222 1
24 57 4 1
438 184 169 1
202 60 27 1
305 75 214 1
24 58 190 1
92 96 21 1
295 94 237 1
261 132 84 1
292 157 220 1
184 41 296 1
193 123 129 1
341 17 270 1
328 157 296 1
403 33 101 1
172 120 243 1
425 53 237 1
261 148 188 1
241 48 100 1
256 76 55 1
194 125 147 1
18 40 237 1
261 109 118 1
99 43 11 1
193 123 218 1
197 78 244 1
381 195 39 1
98 46 238 1
340 48 173 1
182 43 121 1
410 74 154 1
242 136 115 1
281 52 293 1
91 52 238 1
261 146 155 1
416 181 290 1
142 16 290 1
169 78 175 1
21 44 177 1
340 75 296 1
150 78 101 1
159 78 154 1
141 74 122 1
24 56 192 1
436 130 180 1
157 60 222 1
65 24 100 1
194 124 252 1
56 17 248 1
438 177 211 1
142 109 35 1
318 45 219 1
88 42 87 1
438 185 129 1
19 48 87 1
356 181 215 1
319 42 292 1
321 42 144 1
187 43 288 1
438 40 39 1
23 17 81 1
313 45 147 1
182 44 55 1
437 225 295 1
256 76 30 1
88 30 279 1
219 49 64 1
111 75 73 1
24 56 21 1
57 7 96 1
166 49 275 1
246 42 177 1
284 155 71 1
261 151 207 1
192 99 220 1
323 65 177 1
345 170 192 1
300 160 21 1
56 32 141 1
51 17 60 1
378 193 93 1
356 175 246 1
242 9 131 1
284 155 246 1
321 42 81 1
23 24 61 1
374 17 107 1
365 134 79 1
261 151 100 1
88 42 169 1
54 74 121 1
166 44 86 1
103 43 219 1
416 172 190 1
111 44 117 1
21 52 237 1
416 4 244 1
43 81 126 1
307 44 237 1
169 116 87 1
232 43 188 1
23 24 23 1
390 46 121 1
36 68 214 1
81 30 190 1
416 209 64 1
242 107 247 1
278 99 237 1
154 42 27 1
382 186 179 1
356 179 129 1
51 53 8 1
120 69 4 1
107 76 27 1
243 78 192 1
378 166 149 1
349 78 121 1
356 176 223 1
103 99 27 1
169 114 131 1
395 55 214 1
406 202 65 1
129 49 4 1
221 52 189 1
46 84 186 1
3 3 138 1
169 113 87 1
24 56 18 1
416 0 86 1
292 146 27 1
287 30 115 1
65 43 144 1
149 99 214 1
356 175 294 1
35 74 187 1
364 80 255 1
186 89 151 1
242 73 3 1
59 51 238 1
68 42 252 1
438 121 18 1
102 51 192 1
257 103 64 1
242 13 154 1
429 24 99 1
356 185 220 1
410 163 197 1
10 23 7 1
41 72 153 1
82 78 4 1
404 121 239 1
416 175 24 1
253 78 294 1
59 54 73 1
261 149 192 1
438 40 132 1
69 43 295 1
356 178 266 1
55 89 120 1
181 77 140 1
242 11 18 1
232 53 5 1
242 73 190 1
313 77 293 1
242 7 225 1
416 85 247 1
83 44 145 1
354 33 238 1
103 94 66 1
36 45 173 1
261 145 65 1
378 166 243 1
24 57 51 1
322 45 238 1
5 13 260 1
294 46 173 1
294 74 173 1
356 176 195 1
413 113 237 1
177 77 93 1
54 68 185 1
416 216 107 1
51 86 24 1
325 77 5 1
431 43 129 1
29 30 238 1
266 128 30 1
292 49 155 1
173 42 8 1
279 71 188 1
40 48 182 1
193 123 238 1
416 172 137 1
339 121 71 1
300 161 125 1
103 94 8 1
413 113 5 1
108 41 169 1
289 17 30 1
166 43 87 1
242 138 124 1
300 160 147 1
79 76 121 1
169 78 298 1
412 78 73 1
336 68 77 1
161 78 7 1
95 69 228 1
413 113 72 1
51 16 204 1
19 45 188 1
169 114 220 1
40 43 217 1
301 69 96 1
242 138 260 1
416 172 99 1
435 171 88 1
138 108 109 1
51 86 100 1
416 208 206 1
427 183 138 1
304 134 63 1
24 59 69 1
228 22 175 1
233 72 93 1
391 73 172 1
252 58 243 1
242 143 68 1
301 69 188 1
242 73 64 1
390 43 140 1
356 0 222 1
220 49 182 1
242 13 225 1
261 132 66 1
250 69 53 1
36 46 147 1
82 42 228 1
193 66 45 1
34 46 69 1
222 93 188 1
261 147 8 1
261 83 155 1
212 78 110 1
405 201 215 1
398 78 182 1
427 222 93 1
372 24 217 1
104 101 187 1
261 141 294 1
341 17 275 1
352 46 279 1
131 17 36 1
16 0 49 1
416 203 274 1
242 83 211 1
45 53 87 1
243 78 27 1
213 54 22 1
416 218 152 1
19 48 140 1
261 143 38 1
438 78 226 1
436 129 290 1
111 48 53 1
116 66 296 1
182 52 13 1
242 81 87 1
325 74 132 1
143 110 96 1
402 200 54 1
238 43 147 1
416 121 240 1
218 43 214 1
430 42 100 1
381 195 271 1
82 78 3 1
215 51 38 1
410 23 238 1
122 49 69 1
220 49 151 1
79 75 217 1
354 33 211 1
53 46 93 1
19 49 182 1
169 116 294 1
199 131 140 1
85 45 238 1
55 89 101 1
403 33 106 1
197 129 74 1
19 43 33 1
374 17 35 1
417 43 188 1
416 111 104 1
54 87 208 1
356 173 152 1
147 42 182 1
51 17 177 1
431 43 238 1
416 176 287 1
374 17 189 1
223 78 62 1
242 138 79 1
238 44 147 1
356 173 74 1
191 74 238 1
56 17 83 1
389 132 177 1
56 17 287 1
305 75 173 1
338 49 138 1
401 199 197 1
277 78 272 1
318 74 65 1
416 185 4 1
88 30 188 1
51 17 229 1
318 68 132 1
356 184 80 1
202 60 144 1
193 66 170 1
169 116 151 1
304 134 87 1
432 173 66 1
215 51 132 1
410 163 84 1
356 178 182 1
416 111 294 1
438 181 246 1
79 45 186 1
54 54 186 1
343 43 285 1
169 37 72 1
389 132 186 1
416 215 93 1
243 78 87 1
103 75 140 1
182 49 290 1
432 173 58 1
125 46 8 1
272 17 268 1
422 40 27 1
405 77 274 1
377 16 126 1
102 98 235 1
289 17 41 1
129 68 243 1
42 80 224 1
300 141 271 1
169 117 11 1
356 78 120 1
391 73 63 1
242 107 234 1
242 81 138 1
136 43 186 1
65 52 288 1
313 75 151 1
425 55 5 1
82 55 226 1
110 54 214 1
99 74 183 1
132 74 147 1
51 17 23 1
103 99 87 1
107 76 16 1
391 70 179 1
242 143 115 1
356 40 7 1
9 21 187 1
195 69 195 1
242 73 132 1
438 175 143 1
103 76 102 1
438 178 122 1
436 78 88 1
90 46 220 1
103 77 87 1
19 46 238 1
416 207 106 1
212 49 290 1
438 138 131 1
201 44 294 1
242 140 30 1
356 138 167 1
313 68 243 1
21 55 177 1
293 74 138 1
194 126 140 1
438 121 225 1
416 111 15 1
142 16 292 1
65 24 15 1
107 75 99 1
413 119 5 1
438 175 179 1
182 49 169 1
261 83 121 1
103 45 4 1
361 78 4 1
24 62 4 1
143 110 74 1
103 45 293 1
226 78 238 1
359 43 153 1
182 43 220 1
315 69 290 1
289 17 192 1
295 46 72 1
416 208 129 1
159 78 12 1
194 125 192 1
42 58 290 1
276 49 0 1
242 7 179 1
438 181 54 1
351 43 121 1
32 73 219 1
228 51 8 1
108 41 177 1
344 169 260 1
224 89 38 1
187 48 205 1
103 48 140 1
4 5 93 1
209 42 80 1
169 117 219 1
242 81 140 1
351 46 45 1
256 45 72 1
356 138 117 1
42 60 109 1
103 75 202 1
11 26 238 1
356 177 211 1
365 17 79 1
24 58 173 1
42 79 122 1
21 46 138 1
240 46 93 1
135 76 93 1
23 16 99 1
253 78 236 1
54 52 129 1
413 117 5 1
356 121 235 1
56 90 266 1
438 180 7 1
416 218 236 1
287 30 68 1
295 44 182 1
438 40 22 1
68 78 72 1
297 158 11 1
354 33 68 1
292 156 290 1
436 129 140 1
436 78 274 1
60 49 237 1
283 51 138 1
249 46 100 1
228 22 188 1
388 78 106 1
190 121 234 1
43 81 207 1
170 74 290 1
237 55 153 1
431 52 21 1
69 43 271 1
49 85 99 1
50 78 147 1
259 69 77 1
416 85 171 1
231 72 153 1
300 161 268 1
307 74 69 1
257 103 191 1
160 30 294 1
193 66 205 1
56 32 294 1
261 151 188 1
407 203 169 1
34 45 69 1
378 194 187 1
14 36 190 1
294 46 85 1
269 152 129 1
232 53 186 1
307 48 38 1
169 113 281 1
363 131 275 1
95 69 4 1
272 17 208 1
356 176 287 1
361 78 225 1
416 212 246 1
377 17 183 1
229 24 205 1
257 103 215 1
205 54 238 1
68 42 243 1
125 46 71 1
421 16 225 1
142 109 292 1
120 69 214 1
351 46 237 1
40 75 115 1
169 119 175 1
33 52 185 1
416 207 205 1
23 16 169 1
356 138 73 1
378 194 226 1
38 78 74 1
212 78 192 1
11 26 155 1
80 52 93 1
103 44 77 1
278 52 18 1
288 99 87 1
289 49 54 1
82 42 271 1
10 24 66 1
239 74 153 1
416 182 247 1
318 54 186 1
261 140 187 1
300 161 271 1
242 9 124 1
356 185 100 1
356 185 81 1
410 54 90 1
356 178 197 1
228 51 217 1
40 43 214 1
37 30 41 1
418 43 100 1
356 185 27 1
14 34 79 1
278 99 247 1
195 69 99 1
150 78 100 1
438 184 187 1
256 45 121 1
242 142 215 1
429 24 100 1
169 37 45 1
318 55 90 1
180 54 295 1
321 42 140 1
345 49 296 1
182 74 8 1
195 69 120 1
65 43 173 1
417 48 68 1
45 82 90 1
42 79 292 1
242 140 21 1
408 204 260 1
19 44 275 1
277 78 208 1
292 48 132 1
261 147 104 1
242 6 214 1
218 46 214 1
84 52 68 1
149 45 260 1
312 41 243 1
65 68 122 1
242 10 21 1
416 208 145 1
356 174 101 1
114 102 13 1
47 44 80 1
242 107 219 1
300 139 18 1
166 46 72 1
416 176 212 1
231 53 180 1
206 49 185 1
67 52 68 1
438 40 154 1
416 0 101 1
39 49 129 1
14 36 188 1
436 129 208 1
390 48 140 1
74 94 118 1
142 16 107 1
139 43 155 1
222 93 202 1
169 34 100 1
169 115 18 1
182 74 279 1
433 83 169 1
37 53 293 1
242 15 140 1
399 46 80 1
438 182 272 1
406 202 241 1
133 48 73 1
247 68 226 1
432 173 69 1
221 76 153 1
98 46 186 1
42 60 271 1
352 48 87 1
405 74 183 1
196 72 93 1
403 33 110 1
377 16 72 1
56 17 222 1
197 78 283 1
250 69 294 1
252 58 232 1
295 43 77 1
425 72 5 1
423 52 93 1
193 66 288 1
36 76 173 1
278 52 177 1
261 135 155 1
81 30 237 1
51 17 83 1
11 27 74 1
345 170 237 1
197 130 169 1
256 76 192 1
356 174 106 1
356 181 145 1
169 119 280 1
103 48 96 1
197 78 112 1
23 16 270 1
261 149 173 1
304 55 186 1
108 41 243 1
183 42 68 1
356 182 238 1
19 43 93 1
304 54 72 1
416 217 147 1
295 45 77 1
356 0 104 1
288 99 173 1
315 69 41 1
352 46 246 1
186 89 7 1
278 46 202 1
429 24 155 1
313 74 211 1
432 173 71 1
300 73 74 1
426 128 182 1
416 212 272 1
257 103 196 1
150 78 185 1
54 46 71 1
6 17 38 1
51 53 132 1
261 145 100 1
300 141 194 1
23 17 118 1
133 43 5 1
253 78 147 1
261 148 93 1
336 68 72 1
148 99 186 1
23 24 93 1
356 121 173 1
170 74 180 1
177 68 93 1
356 172 118 1
78 43 27 1
192 22 290 1
199 131 72 1
26 65 234 1
262 44 220 1
169 78 99 1
266 128 122 1
416 216 140 1
43 81 213 1
349 78 55 1
416 210 246 1
412 78 64 1
356 40 272 1
182 46 11 1
416 4 172 1
243 78 205 1
261 115 215 1
340 44 288 1
356 80 194 1
416 214 87 1
410 206 49 1
124 75 173 1
277 78 277 1
416 121 222 1
278 43 38 1
31 71 132 1
344 169 237 1
416 209 252 1
416 203 15 1
143 110 35 1
56 90 244 1
216 45 93 1
55 89 122 1
289 17 99 1
318 55 201 1
293 77 236 1
410 23 41 1
356 181 84 1
152 71 173 1
259 69 140 1
14 35 115 1
187 44 155 1
156 97 180 1
242 139 236 1
120 69 84 1
319 42 58 1
111 44 87 1
340 77 293 1
9 21 68 1
300 73 142 1
416 182 157 1
438 177 122 1
181 45 121 1
231 52 55 1
307 74 93 1
250 69 268 1
281 52 238 1
318 54 202 1
65 43 27 1
390 77 107 1
103 99 236 1
307 76 285 1
138 108 82 1
10 23 125 1
194 125 38 1
284 155 93 1
182 45 38 1
65 68 35 1
261 115 100 1
102 51 185 1
112 77 285 1
362 32 153 1
107 75 243 1
122 43 69 1
259 69 55 1
356 180 201 1
372 24 132 1
99 74 153 1
298 159 121 1
169 34 67 1
429 24 279 1
187 45 186 1
292 157 90 1
438 184 118 1
307 46 5 1
41 30 260 1
103 99 21 1
277 78 115 1
56 32 195 1
166 46 121 1
352 44 4 1
416 215 294 1
296 51 72 1
55 89 192 1
57 7 154 1
122 48 238 1
43 81 238 1
169 37 175 1
416 210 274 1
270 45 177 1
150 78 268 1
352 44 14 1
356 183 81 1
7 19 183 1
391 73 238 1
273 69 214 1
82 42 4 1
103 76 188 1
65 45 69 1
280 77 5 1
169 118 88 1
169 117 54 1
242 141 8 1
405 77 77 1
376 192 187 1
438 182 228 1
340 68 77 1
416 85 202 1
422 40 101 1
356 180 101 1
140 78 217 1
340 68 138 1
142 16 20 1
114 51 220 1
142 109 58 1
340 46 246 1
182 77 101 1
154 42 33 1
340 68 11 1
6 16 243 1
307 48 93 1
242 83 99 1
284 155 175 1
242 109 84 1
231 72 193 1
331 165 238 1
125 53 5 1
31 71 173 1
377 17 190 1
278 53 87 1
170 43 237 1
148 99 197 1
292 43 93 1
169 119 195 1
416 121 59 1
111 74 80 1
416 213 65 1
356 178 77 1
34 52 69 1
313 74 243 1
194 124 205 1
134 41 65 1
187 45 121 1
69 44 173 1
42 80 77 1
16 0 41 1
69 44 187 1
24 63 68 1
356 177 131 1
65 44 164 1
416 111 219 1
243 78 225 1
433 83 120 1
413 117 96 1
416 207 295 1
268 17 64 1
38 78 227 1
295 52 237 1
101 69 93 1
356 173 8 1
83 48 77 1
242 140 110 1
259 69 81 1
300 141 120 1
242 138 125 1
435 171 292 1
6 17 281 1
294 43 188 1
24 60 214 1
416 172 195 1
326 164 27 1
56 90 45 1
111 74 293 1
195 69 4 1
255 66 24 1
153 46 243 1
416 111 96 1
222 91 214 1
398 78 154 1
94 69 18 1
199 73 100 1
222 93 38 1
369 17 55 1
242 83 236 1
345 110 192 1
24 61 90 1
148 52 217 1
157 60 22 1
87 45 93 1
362 17 246 1
323 65 69 1
169 114 217 1
340 68 243 1
74 94 4 1
375 191 252 1
133 48 99 1
416 111 81 1
82 42 126 1
100 66 4 1
297 158 237 1
4 4 173 1
169 115 147 1
169 118 121 1
45 53 68 1
356 180 241 1
324 17 279 1
292 44 41 1
313 74 68 1
62 52 90 1
413 117 100 1
169 113 289 1
369 17 225 1
416 0 49 1
102 51 101 1
242 139 99 1
103 94 201 1
129 68 252 1
169 119 79 1
199 70 4 1
127 53 290 1
197 130 74 1
318 45 144 1
29 30 211 1
356 178 53 1
99 43 186 1
341 16 55 1
402 200 281 1
356 78 140 1
278 43 237 1
269 152 260 1
110 55 153 1
242 109 4 1
114 54 177 1
11 25 215 1
162 43 237 1
436 130 169 1
139 43 107 1
277 99 211 1
102 98 88 1
14 37 176 1
135 48 93 1
356 184 219 1
278 53 55 1
83 49 237 1
371 24 55 1
134 41 14 1
24 61 38 1
169 118 69 1
242 142 101 1
352 44 236 1
128 52 152 1
398 78 118 1
250 69 4 1
259 69 281 1
383 78 189 1
114 102 96 1
21 48 154 1
392 48 121 1
416 203 3 1
121 78 214 1
242 10 87 1
24 57 13 1
44 53 233 1
103 45 234 1
117 99 121 1
102 51 80 1
356 172 49 1
405 76 274 1
257 103 152 1
361 17 120 1
103 52 138 1
228 22 180 1
24 58 30 1
417 44 68 1
128 45 152 1
438 182 180 1
95 69 227 1
278 53 187 1
351 46 22 1
282 58 188 1
416 175 8 1
54 87 185 1
391 70 74 1
181 68 21 1
140 78 58 1
356 138 111 1
189 42 35 1
169 34 171 1
169 117 13 1
242 107 292 1
232 43 5 1
201 43 27 1
438 181 39 1
197 78 250 1
127 53 23 1
199 73 215 1
51 86 120 1
356 175 272 1
369 17 237 1
175 43 8 1
325 77 190 1
300 161 257 1
403 33 45 1
82 55 49 1
183 42 132 1
169 114 283 1
198 41 13 1
261 147 71 1
24 56 288 1
55 89 4 1
242 81 8 1
24 60 51 1
42 60 219 1
149 74 87 1
153 46 68 1
208 43 236 1
376 192 275 1
331 165 71 1
219 49 14 1
401 199 202 1
340 74 211 1
79 45 5 1
340 46 188 1
199 73 80 1
438 138 180 1
46 83 186 1
392 46 121 1
360 32 68 1
36 43 214 1
366 188 138 1
162 74 177 1
372 24 281 1
289 49 62 1
242 83 260 1
34 74 69 1
292 46 90 1
242 137 281 1
401 199 188 1
90 45 220 1
340 77 153 1
416 176 23 1
222 93 88 1
340 44 243 1
210 52 187 1
51 16 121 1
324 17 237 1
56 17 138 1
124 68 173 1
19 46 177 1
340 44 173 1
416 207 35 1
300 160 46 1
182 77 225 1
148 99 121 1
356 179 145 1
438 78 63 1
166 43 107 1
124 77 147 1
356 176 222 1
54 55 243 1
176 69 170 1
231 53 144 1
93 42 274 1
261 115 87 1
348 58 121 1
413 118 5 1
297 158 96 1
37 53 80 1
211 55 290 1
422 41 101 1
197 130 88 1
18 41 73 1
181 76 21 1
356 183 23 1
84 74 68 1
32 70 290 1
118 53 5 1
416 214 219 1
222 91 8 1
41 53 192 1
438 177 21 1
65 75 155 1
181 46 180 1
438 182 225 1
24 61 235 1
51 17 209 1
356 172 75 1
390 46 226 1
24 61 18 1
242 83 138 1
65 24 238 1
242 109 185 1
194 126 118 1
60 49 68 1
65 74 293 1
295 74 214 1
124 46 147 1
321 42 192 1
416 209 177 1
356 0 23 1
96 45 153 1
3 3 87 1
82 78 13 1
69 49 22 1
48 55 72 1
416 4 41 1
38 78 175 1
410 206 182 1
410 23 54 1
19 49 173 1
289 49 88 1
42 60 222 1
300 161 147 1
242 142 89 1
318 54 180 1
391 70 87 1
326 164 180 1
356 138 80 1
193 66 247 1
176 69 64 1
354 33 234 1
318 77 71 1
51 53 197 1
148 52 120 1
242 7 202 1
281 52 182 1
433 110 237 1
194 125 243 1
56 17 244 1
432 173 296 1
24 62 62 1
374 17 152 1
416 216 167 1
129 68 45 1
40 45 16 1
416 216 172 1
14 34 30 1
16 0 187 1
228 22 38 1
294 74 192 1
11 27 93 1
238 49 8 1
300 109 212 1
228 22 274 1
261 146 294 1
196 53 93 1
182 46 145 1
382 186 290 1
242 7 23 1
1 1 93 1
292 146 30 1
438 180 202 1
197 78 206 1
356 175 100 1
394 1 296 1
271 42 93 1
318 52 41 1
107 43 205 1
313 45 225 1
54 43 186 1
172 93 120 1
370 19 279 1
438 174 234 1
169 34 197 1
353 49 155 1
21 46 11 1
68 78 211 1
379 78 225 1
329 49 72 1
206 49 93 1
287 30 288 1
416 176 109 1
304 78 147 1
416 217 69 1
167 68 243 1
19 43 87 1
416 218 118 1
313 44 38 1
438 174 246 1
133 44 296 1
199 131 21 1
24 57 62 1
10 23 118 1
416 203 270 1
103 94 88 1
37 30 290 1
53 68 93 1
135 75 93 1
438 184 100 1
438 121 65 1
259 69 176 1
372 24 157 1
438 121 42 1
429 24 275 1
356 78 145 1
307 45 5 1
182 45 145 1
193 66 176 1
123 41 104 1
416 175 193 1
240 52 93 1
278 46 55 1
51 16 36 1
387 48 93 1
35 68 187 1
166 110 110 1
340 45 243 1
197 78 227 1
419 45 22 1
31 71 243 1
242 142 275 1
239 45 153 1
359 74 153 1
175 46 69 1
103 48 69 1
54 43 38 1
48 55 22 1
416 111 271 1
356 180 38 1
250 69 79 1
103 77 222 1
313 45 243 1
438 80 225 1
416 121 266 1
125 72 180 1
185 43 101 1
69 44 45 1
69 46 260 1
368 96 100 1
197 130 37 1
390 45 202 1
298 159 238 1
164 43 186 1
142 109 287 1
393 197 189 1
416 212 224 1
11 25 93 1
82 55 249 1
242 107 232 1
4 5 53 1
300 139 104 1
411 72 154 1
416 185 232 1
166 110 87 1
98 43 145 1
175 46 8 1
356 0 83 1
433 110 120 1
103 99 234 1
438 174 66 1
286 78 77 1
83 46 177 1
318 74 225 1
416 185 283 1
413 37 5 1
48 55 66 1
65 52 214 1
150 78 281 1
355 171 71 1
416 216 39 1
255 66 101 1
295 49 238 1
221 74 88 1
292 146 180 1
85 74 238 1
416 207 101 1
399 43 80 1
255 66 80 1
242 142 96 1
91 77 138 1
339 121 27 1
356 173 272 1
65 45 185 1
356 172 145 1
61 52 121 1
65 43 100 1
242 107 72 1
241 46 100 1
402 200 7 1
4 5 238 1
277 78 182 1
83 46 237 1
243 78 207 1
87 52 93 1
328 157 187 1
328 157 246 1
238 48 132 1
388 78 227 1
124 45 22 1
43 81 73 1
410 23 64 1
294 46 290 1
115 49 100 1
24 57 187 1
99 45 138 1
212 49 189 1
122 45 140 1
242 137 45 1
51 86 38 1
148 43 186 1
99 52 11 1
300 160 33 1
300 141 2 1
53 75 93 1
416 213 192 1
256 45 147 1
133 46 99 1
102 51 222 1
58 52 93 1
242 140 220 1
292 46 211 1
42 58 121 1
379 78 197 1
416 181 27 1
410 23 296 1
209 42 84 1
416 3 172 1
339 121 284 1
170 74 93 1
166 46 18 1
122 46 154 1
197 130 27 1
24 59 60 1
166 46 214 1
199 131 219 1
54 43 153 1
242 139 260 1
221 76 121 1
416 176 59 1
398 78 197 1
270 45 155 1
40 44 115 1
261 132 155 1
103 52 27 1
356 177 246 1
416 182 201 1
51 53 39 1
410 163 233 1
352 46 118 1
416 218 266 1
362 32 89 1
416 217 176 1
356 179 140 1
114 51 237 1
176 69 30 1
261 140 189 1
356 180 192 1
282 58 39 1
173 42 243 1
289 17 173 1
261 143 268 1
242 139 82 1
222 91 87 1
242 137 80 1
326 99 27 1
125 46 215 1
336 68 100 1
356 176 27 1
416 4 83 1
212 78 101 1
193 122 175 1
304 78 115 1
169 37 228 1
133 44 100 1
413 163 189 1
227 42 153 1
242 138 222 1
318 45 279 1
242 7 68 1
416 111 281 1
302 106 93 1
109 52 153 1
347 53 93 1
97 55 5 1
69 46 187 1
299 69 186 1
175 46 295 1
6 16 38 1
42 58 205 1
86 95 243 1
356 174 175 1
114 54 118 1
125 22 188 1
242 136 55 1
6 16 281 1
98 43 275 1
98 46 185 1
356 173 89 1
143 110 18 1
166 110 71 1
6 17 121 1
155 17 238 1
345 49 237 1
19 44 154 1
134 41 13 1
278 48 183 1
315 69 271 1
421 219 222 1
356 78 55 1
266 128 66 1
356 121 13 1
169 115 205 1
125 55 22 1
138 108 121 1
194 127 109 1
53 44 93 1
374 17 231 1
307 48 53 1
202 60 87 1
83 49 177 1
69 43 138 1
18 41 237 1
1 2 100 1
356 184 185 1
217 42 84 1
82 42 217 1
276 49 56 1
248 43 152 1
410 54 100 1
169 78 281 1
182 49 96 1
194 67 7 1
103 46 122 1
416 218 24 1
166 44 279 1
276 49 145 1
321 42 11 1
416 208 241 1
7 19 129 1
182 77 33 1
194 67 214 1
377 16 22 1
260 49 16 1
278 99 144 1
405 45 132 1
356 180 20 1
75 52 121 1
419 74 22 1
307 77 38 1
140 78 111 1
83 44 238 1
339 121 3 1
169 113 75 1
169 78 84 1
68 42 219 1
261 141 93 1
242 7 132 1
192 99 87 1
103 94 220 1
356 181 27 1
129 68 16 1
151 44 214 1
69 49 85 1
416 217 109 1
331 165 64 1
217 42 295 1
377 17 272 1
438 180 90 1
238 44 215 1
313 48 96 1
95 69 155 1
416 210 144 1
37 53 22 1
261 146 169 1
436 129 192 1
295 49 180 1
65 43 155 1
40 46 185 1
24 59 152 1
438 40 281 1
16 0 58 1
356 183 71 1
202 60 152 1
371 24 275 1
111 46 293 1
208 45 53 1
261 145 173 1
410 206 275 1
26 65 180 1
318 74 211 1
294 74 220 1
24 56 281 1
242 141 87 1
123 41 202 1
182 48 33 1
24 57 211 1
65 24 219 1
65 74 4 1
23 17 24 1
24 62 100 1
42 80 76 1
202 60 54 1
93 42 243 1
432 173 215 1
71 49 154 1
361 17 228 1
194 67 288 1
416 207 118 1
125 74 238 1
356 185 279 1
183 42 38 1
387 49 93 1
23 17 30 1
246 42 154 1
51 17 142 1
315 69 275 1
65 52 39 1
24 61 41 1
292 157 207 1
107 76 21 1
149 99 180 1
438 173 101 1
3 3 226 1
313 77 138 1
278 44 237 1
88 30 243 1
300 73 101 1
367 52 237 1
259 69 14 1
6 16 39 1
32 73 55 1
356 176 101 1
19 46 85 1
300 73 231 1
295 45 115 1
114 51 144 1
288 99 293 1
356 181 16 1
107 45 96 1
238 44 8 1
261 151 155 1
320 52 138 1
313 75 11 1
111 74 117 1
422 40 237 1
54 74 13 1
152 71 93 1
37 53 58 1
300 109 118 1
89 78 63 1
242 141 4 1
356 121 182 1
416 209 90 1
261 147 58 1
436 78 75 1
65 46 295 1
77 52 296 1
162 46 237 1
421 219 186 1
292 156 93 1
14 37 151 1
55 89 110 1
24 64 58 1
36 77 214 1
416 214 88 1
438 78 187 1
340 48 243 1
187 43 33 1
37 53 90 1
65 44 74 1
103 45 21 1
438 181 211 1
6 18 73 1
166 110 22 1
431 43 21 1
438 184 131 1
107 43 272 1
256 45 189 1
116 66 96 1
391 70 209 1
299 69 88 1
242 141 125 1
159 78 4 1
181 77 155 1
436 78 238 1
356 175 27 1
182 77 243 1
25 51 202 1
21 46 238 1
133 43 38 1
3 3 64 1
162 43 80 1
356 175 185 1
340 45 38 1
295 94 138 1
289 17 107 1
304 54 11 1
356 177 167 1
242 73 182 1
261 109 294 1
292 48 88 1
14 34 74 1
379 78 63 1
19 44 222 1
14 34 109 1
435 171 130 1
438 185 12 1
393 197 100 1
356 173 294 1
341 17 220 1
356 179 8 1
356 173 65 1
408 167 220 1
122 43 132 1
416 212 238 1
103 45 69 1
363 131 99 1
277 99 35 1
221 43 110 1
162 74 237 1
18 40 132 1
240 43 93 1
43 81 154 1
377 16 204 1
416 216 238 1
356 180 68 1
322 75 121 1
182 45 243 1
432 173 30 1
65 74 122 1
182 52 45 1
360 32 14 1
356 181 41 1
38 78 11 1
65 75 243 1
269 152 94 1
261 151 65 1
356 0 206 1
13 29 155 1
130 52 122 1
438 78 174 1
278 53 30 1
288 99 215 1
19 46 222 1
356 78 187 1
272 17 190 1
209 42 270 1
369 17 187 1
16 0 265 1
5 10 238 1
356 182 63 1
356 78 100 1
356 182 24 1
63 52 121 1
289 17 88 1
140 78 277 1
189 42 89 1
418 48 100 1
356 182 192 1
169 78 74 1
408 167 38 1
65 24 199 1
300 73 263 1
294 74 85 1
175 43 207 1
293 77 140 1
42 60 58 1
289 30 38 1
205 55 5 1
364 80 183 1
242 73 54 1
54 68 243 1
19 44 183 1
65 48 58 1
382 186 88 1
331 165 36 1
211 99 87 1
416 85 176 1
169 114 132 1
53 77 93 1
142 16 100 1
300 109 130 1
313 75 243 1
172 120 153 1
300 160 234 1
391 70 260 1
295 44 154 1
6 17 243 1
138 108 122 1
212 78 187 1
228 51 60 1
313 74 288 1
407 203 120 1
382 186 90 1
356 182 144 1
261 149 144 1
308 54 93 1
212 43 237 1
41 30 21 1
356 172 244 1
208 45 214 1
259 69 144 1
321 42 46 1
126 107 96 1
182 52 122 1
433 83 38 1
341 16 290 1
127 53 90 1
23 16 214 1
261 137 22 1
49 85 169 1
261 115 281 1
318 77 96 1
312 40 187 1
278 44 122 1
65 52 205 1
416 217 266 1
217 42 110 1
266 128 107 1
313 76 90 1
277 99 238 1
54 46 5 1
126 107 39 1
140 78 69 1
416 216 255 1
388 78 270 1
403 33 24 1
295 46 77 1
438 174 23 1
320 52 296 1
84 76 68 1
416 208 185 1
125 43 107 1
89 78 271 1
438 121 100 1
242 13 45 1
166 49 189 1
416 175 120 1
312 41 207 1
416 0 54 1
65 43 271 1
416 215 88 1
300 141 118 1
65 68 243 1
195 69 233 1
416 212 214 1
289 17 125 1
438 138 99 1
48 54 110 1
10 24 11 1
438 182 104 1
127 53 35 1
416 176 87 1
86 95 252 1
344 78 155 1
432 173 279 1
307 46 275 1
231 53 228 1
68 78 16 1
24 64 94 1
208 99 85 1
199 70 8 1
91 52 138 1
74 94 64 1
416 175 204 1
86 95 189 1
256 75 155 1
19 46 120 1
19 43 207 1
162 46 87 1
42 58 73 1
258 73 219 1
356 177 20 1
427 221 138 1
127 53 214 1
307 44 226 1
107 43 238 1
416 176 154 1
351 44 288 1
125 53 214 1
361 78 65 1
416 210 232 1
425 53 93 1
321 42 225 1
321 42 90 1
416 181 19 1
304 78 27 1
24 63 118 1
182 68 296 1
253 78 235 1
199 73 278 1
199 73 118 1
190 121 214 1
416 215 100 1
24 62 156 1
78 43 93 1
300 160 173 1
416 218 71 1
345 110 177 1
114 55 275 1
412 78 41 1
356 0 159 1
356 40 87 1
222 91 222 1
344 78 73 1
232 43 246 1
193 123 39 1
155 17 44 1
68 78 21 1
69 48 290 1
8 20 5 1
294 74 101 1
326 99 180 1
194 124 255 1
416 212 145 1
381 195 214 1
173 42 5 1
320 45 72 1
227 42 53 1
108 41 207 1
99 43 188 1
259 69 15 1
380 78 5 1
300 139 201 1
318 45 11 1
140 78 80 1
261 146 84 1
68 42 290 1
416 217 115 1
300 160 35 1
351 46 215 1
313 68 27 1
24 58 280 1
438 175 71 1
40 45 118 1
416 0 66 1
242 81 89 1
269 152 235 1
212 43 64 1
339 121 296 1
65 46 82 1
92 96 272 1
410 205 293 1
242 6 75 1
99 45 77 1
313 48 243 1
182 44 22 1
356 177 172 1
24 63 122 1
261 140 186 1
139 49 107 1
177 48 93 1
103 94 13 1
256 76 187 1
27 67 187 1
16 0 46 1
62 52 237 1
341 16 22 1
105 52 177 1
82 42 263 1
95 69 100 1
418 44 100 1
156 97 202 1
231 53 71 1
401 199 100 1
56 90 71 1
100 66 96 1
9 22 180 1
24 58 45 1
234 9 16 1
416 217 281 1
193 66 74 1
356 78 11 1
436 130 96 1
114 55 237 1
198 41 243 1
5 6 260 1
436 129 21 1
356 176 49 1
413 119 72 1
65 76 94 1
82 78 59 1
421 219 22 1
90 44 220 1
266 128 71 1
356 138 54 1
242 138 89 1
416 182 192 1
438 182 21 1
356 180 187 1
36 49 76 1
416 214 24 1
416 182 214 1
410 205 11 1
242 10 173 1
362 17 237 1
89 78 290 1
416 211 192 1
242 109 125 1
352 44 190 1
19 49 125 1
313 46 96 1
130 52 13 1
298 43 214 1
352 44 180 1
269 110 64 1
194 127 167 1
89 78 189 1
242 141 187 1
51 86 183 1
190 121 132 1
416 4 241 1
289 30 220 1
300 73 239 1
114 102 237 1
248 44 152 1
169 116 36 1
340 74 243 1
349 78 226 1
416 213 4 1
289 17 283 1
182 74 243 1
147 42 154 1
281 52 13 1
331 168 64 1
331 168 36 1
355 171 188 1
300 161 206 1
7 19 219 1
102 98 211 1
194 126 80 1
343 76 285 1
407 203 87 1
300 139 228 1
416 185 0 1
14 36 266 1
363 131 45 1
292 156 79 1
313 46 121 1
133 46 5 1
300 139 252 1
32 70 219 1
416 212 100 1
354 33 101 1
273 69 157 1
77 52 185 1
169 115 137 1
356 179 65 1
300 109 147 1
99 43 179 1
318 77 36 1
438 181 65 1
361 17 8 1
229 24 80 1
416 215 167 1
242 143 189 1
32 73 243 1
242 107 236 1
30 70 138 1
356 184 281 1
416 208 39 1
65 44 214 1
313 46 243 1
358 45 22 1
429 24 117 1
416 203 69 1
325 24 238 1
3 3 182 1
170 43 72 1
220 49 237 1
420 30 238 1
187 74 33 1
69 46 182 1
331 168 144 1
438 177 106 1
278 99 187 1
263 52 238 1
13 29 38 1
356 185 294 1
14 37 201 1
291 0 93 1
242 135 192 1
405 75 155 1
410 74 225 1
325 77 186 1
413 163 64 1
313 76 140 1
438 173 104 1
295 49 237 1
242 6 16 1
193 123 173 1
416 185 144 1
72 52 225 1
313 76 212 1
194 127 246 1
397 48 187 1
378 194 68 1
292 48 55 1
192 22 118 1
169 117 145 1
48 55 62 1
356 121 220 1
190 121 179 1
261 148 100 1
238 49 215 1
125 43 155 1
242 83 125 1
92 96 214 1
350 55 87 1
300 109 142 1
300 141 147 1
107 45 80 1
416 3 123 1
261 136 45 1
231 53 21 1
39 49 219 1
88 30 45 1
392 74 121 1
42 80 51 1
204 52 177 1
390 44 21 1
171 53 93 1
398 78 223 1
397 43 187 1
356 78 207 1
153 46 8 1
261 137 55 1
114 55 96 1
242 143 63 1
261 145 222 1
169 119 279 1
433 83 13 1
197 129 145 1
302 69 93 1
223 78 69 1
356 179 185 1
74 94 65 1
199 70 173 1
438 80 189 1
300 139 126 1
122 48 77 1
392 43 121 1
269 152 219 1
99 52 138 1
231 52 180 1
416 213 202 1
103 46 120 1
193 122 90 1
249 46 21 1
356 181 73 1
358 52 22 1
287 30 243 1
356 121 195 1
54 74 220 1
129 49 185 1
192 22 87 1
242 83 79 1
243 78 15 1
222 91 236 1
103 74 296 1
182 48 8 1
438 180 275 1
14 37 241 1
381 195 290 1
350 55 275 1
10 24 41 1
344 78 118 1
292 44 107 1
208 45 93 1
416 121 217 1
65 46 293 1
127 72 186 1
286 78 192 1
190 121 59 1
242 73 79 1
438 184 226 1
82 78 71 1
136 43 68 1
190 121 66 1
429 24 227 1
294 46 182 1
390 74 118 1
129 49 110 1
261 83 122 1
438 121 246 1
261 146 96 1
388 78 65 1
354 33 0 1
34 75 5 1
193 123 175 1
24 64 30 1
408 204 182 1
410 206 232 1
242 135 235 1
169 78 101 1
107 45 93 1
356 178 195 1
351 44 100 1
437 225 11 1
356 172 109 1
195 69 260 1
294 43 271 1
410 54 186 1
438 181 100 1
410 163 164 1
242 136 270 1
436 78 182 1
133 43 237 1
24 62 217 1
169 114 235 1
356 181 64 1
416 121 147 1
209 42 41 1
293 43 69 1
234 9 205 1
169 119 201 1
195 69 10 1
23 24 99 1
413 116 5 1
205 55 177 1
62 52 225 1
84 68 68 1
356 184 252 1
242 13 169 1
201 48 64 1
292 43 180 1
433 83 93 1
14 37 185 1
194 124 27 1
187 45 277 1
169 34 233 1
24 62 73 1
56 32 79 1
222 91 152 1
412 78 68 1
51 53 178 1
229 24 18 1
14 35 63 1
51 16 41 1
21 54 77 1
65 46 182 1
416 85 77 1
290 146 54 1
110 55 41 1
148 43 93 1
242 135 227 1
413 34 38 1
334 41 237 1
234 9 122 1
150 78 279 1
300 161 177 1
143 110 288 1
277 99 71 1
81 30 177 1
19 48 138 1
151 46 214 1
261 143 281 1
91 77 238 1
201 43 80 1
259 69 197 1
169 115 153 1
292 146 21 1
14 35 232 1
56 32 123 1
192 99 3 1
2 1 296 1
10 24 292 1
182 43 23 1
42 79 169 1
339 121 177 1
3 3 244 1
122 46 132 1
88 30 275 1
261 136 243 1
22 49 296 1
103 74 0 1
261 135 121 1
23 17 179 1
293 52 236 1
65 75 154 1
111 45 22 1
289 30 79 1
356 183 41 1
169 115 177 1
405 68 155 1
380 78 39 1
352 48 173 1
291 0 85 1
340 75 155 1
261 83 96 1
261 151 246 1
162 74 145 1
169 78 249 1
435 171 219 1
242 73 99 1
269 110 100 1
413 34 288 1
127 72 214 1
343 75 285 1
364 80 138 1
198 41 122 1
416 212 87 1
242 109 211 1
197 129 104 1
352 46 177 1
182 45 77 1
339 121 255 1
127 53 27 1
276 49 20 1
166 44 186 1
416 213 231 1
250 69 20 1
356 173 235 1
261 147 21 1
278 53 237 1
416 4 230 1
416 214 214 1
54 88 77 1
416 85 255 1
156 97 237 1
14 35 81 1
242 7 190 1
410 74 88 1
111 46 38 1
416 172 101 1
23 16 18 1
10 23 4 1
416 181 182 1
169 78 164 1
211 55 27 1
318 77 186 1
356 121 115 1
231 52 293 1
51 16 287 1
289 17 296 1
14 36 41 1
356 0 71 1
222 91 145 1
122 52 69 1
125 74 155 1
197 130 23 1
416 172 88 1
433 110 13 1
212 43 132 1
43 81 296 1
169 117 64 1
114 104 237 1
300 160 211 1
410 74 38 1
416 181 8 1
288 99 176 1
416 175 36 1
328 157 90 1
416 4 65 1
182 48 243 1
242 140 234 1
278 72 238 1
87 74 93 1
169 116 272 1
103 43 183 1
103 44 187 1
83 44 220 1
131 17 233 1
277 78 214 1
402 200 190 1
269 152 88 1
33 52 296 1
436 78 226 1
319 42 85 1
221 74 189 1
5 9 260 1
42 80 14 1
51 16 23 1
65 46 219 1
8 20 225 1
56 17 219 1
24 60 195 1
278 43 122 1
416 213 80 1
125 22 169 1
193 122 241 1
54 88 145 1
208 99 93 1
125 45 121 1
288 99 281 1
103 48 27 1
24 64 46 1
356 174 30 1
6 18 243 1
289 49 281 1
14 34 294 1
242 138 99 1
103 77 55 1
242 10 88 1
242 6 292 1
111 43 246 1
213 55 22 1
242 11 201 1
285 75 155 1
307 43 93 1
396 198 177 1
187 74 100 1
182 43 55 1
104 100 154 1
197 129 120 1
410 74 179 1
304 54 173 1
242 138 294 1
50 78 266 1
242 9 88 1
268 17 21 1
416 85 87 1
290 146 225 1
145 49 3 1
261 132 169 1
379 78 121 1
59 54 154 1
54 54 69 1
155 17 192 1
438 121 154 1
375 191 132 1
435 171 71 1
304 55 53 1
416 121 144 1
9 21 226 1
197 129 130 1
57 7 0 1
12 28 78 1
57 7 225 1
416 181 84 1
193 122 147 1
318 55 186 1
24 58 152 1
176 69 111 1
293 52 140 1
32 73 73 1
84 48 68 1
356 121 206 1
194 127 190 1
436 129 180 1
199 70 272 1
222 93 104 1
292 43 219 1
318 52 87 1
356 183 225 1
65 76 20 1
225 126 93 1
193 123 27 1
405 74 214 1
367 52 8 1
365 186 79 1
261 135 104 1
300 73 175 1
356 80 69 1
284 155 76 1
348 110 121 1
14 37 53 1
228 51 87 1
221 75 8 1
307 77 93 1
410 205 22 1
130 52 237 1
200 44 153 1
252 58 189 1
134 41 118 1
129 68 279 1
222 93 215 1
221 45 8 1
392 44 121 1
122 49 192 1
318 74 90 1
335 78 190 1
279 154 290 1
189 42 260 1
300 109 46 1
36 75 214 1
23 16 271 1
103 76 87 1
197 130 177 1
391 70 201 1
68 42 69 1
228 22 80 1
57 7 142 1
23 17 226 1
169 34 290 1
340 74 293 1
212 49 154 1
187 44 96 1
65 45 182 1
208 43 93 1
272 17 212 1
416 172 296 1
150 78 239 1
169 118 80 1
277 99 118 1
199 70 226 1
38 78 275 1
36 48 214 1
416 111 100 1
223 78 93 1
169 115 6 1
416 203 109 1
387 46 93 1
21 54 145 1
231 52 77 1
305 45 41 1
187 44 186 1
416 207 15 1
69 46 192 1
289 30 107 1
3 3 145 1
195 69 294 1
188 53 187 1
23 24 100 1
416 121 292 1
169 37 294 1
294 43 155 1
88 42 120 1
413 119 237 1
255 66 30 1
360 32 145 1
412 78 190 1
278 46 237 1
51 17 63 1
277 78 273 1
416 121 224 1
111 43 205 1
57 7 211 1
299 69 71 1
32 70 252 1
284 155 238 1
278 48 177 1
133 48 5 1
42 80 70 1
269 110 41 1
325 74 186 1
356 174 296 1
142 16 145 1
356 80 89 1
416 111 279 1
336 49 64 1
122 74 154 1
352 46 11 1
122 49 132 1
432 173 238 1
318 77 246 1
292 156 38 1
413 163 80 1
190 121 100 1
438 40 234 1
217 42 182 1
14 37 260 1
88 42 84 1
74 94 69 1
416 176 206 1
164 43 13 1
114 104 222 1
46 83 188 1
199 70 281 1
300 141 142 1
197 78 211 1
139 49 155 1
83 49 41 1
42 60 132 1
416 210 147 1
356 181 289 1
416 208 100 1
352 48 220 1
412 78 106 1
356 138 206 1
65 44 21 1
416 0 87 1
232 53 288 1
292 146 211 1
185 43 288 1
351 43 220 1
306 78 93 1
187 45 220 1
111 44 4 1
129 49 87 1
48 54 252 1
170 43 93 1
45 82 21 1
416 175 137 1
190 121 30 1
140 78 213 1
356 182 235 1
242 137 252 1
315 69 102 1
166 44 275 1
114 104 241 1
266 128 93 1
295 49 72 1
113 85 121 1
166 44 55 1
321 42 32 1
325 24 179 1
258 73 237 1
92 96 274 1
65 48 145 1
111 45 140 1
320 45 41 1
295 45 138 1
225 67 93 1
103 74 293 1
261 141 227 1
111 46 296 1
313 75 145 1
356 174 4 1
292 157 5 1
306 42 93 1
16 0 295 1
356 80 135 1
278 46 39 1
65 45 293 1
187 43 96 1
255 66 94 1
413 163 5 1
37 30 122 1
436 78 194 1
135 68 93 1
416 181 171 1
54 46 243 1
390 55 69 1
292 49 173 1
242 81 185 1
359 46 153 1
342 42 100 1
374 17 68 1
412 78 59 1
416 203 65 1
222 93 21 1
169 34 102 1
410 23 69 1
107 75 155 1
278 48 237 1
294 46 80 1
255 66 172 1
345 170 177 1
59 51 145 1
279 71 101 1
329 49 153 1
65 46 183 1
38 78 12 1
307 44 122 1
161 78 179 1
76 69 68 1
318 55 55 1
391 73 69 1
54 74 45 1
14 35 182 1
39 49 96 1
300 141 212 1
169 114 138 1
438 178 155 1
416 0 215 1
292 43 186 1
416 214 15 1
212 49 20 1
65 74 96 1
259 69 266 1
391 70 164 1
335 78 225 1
410 163 194 1
243 78 227 1
103 74 268 1
382 186 132 1
351 48 132 1
276 49 207 1
398 78 4 1
167 68 295 1
242 142 232 1
356 184 288 1
416 210 169 1
170 45 167 1
82 42 85 1
356 0 244 1
84 43 68 1
24 64 290 1
285 45 147 1
300 160 145 1
133 46 275 1
102 98 183 1
279 154 205 1
169 115 87 1
253 78 194 1
356 183 246 1
318 45 27 1
416 210 239 1
211 54 238 1
438 78 8 1
169 115 126 1
250 69 65 1
242 6 182 1
294 43 27 1
300 139 171 1
222 93 99 1
304 55 22 1
417 74 188 1
405 76 77 1
331 165 225 1
276 49 147 1
352 44 21 1
169 119 190 1
416 172 227 1
307 44 154 1
242 11 180 1
53 45 93 1
153 46 153 1
408 167 68 1
328 157 75 1
356 177 15 1
51 53 27 1
287 30 183 1
48 54 204 1
103 77 69 1
169 118 58 1
102 98 126 1
194 126 154 1
111 44 72 1
284 155 44 1
14 35 189 1
65 52 131 1
432 173 217 1
356 177 87 1
78 43 100 1
14 36 295 1
427 224 100 1
421 16 192 1
56 17 58 1
416 210 143 1
413 34 237 1
99 45 188 1
82 78 89 1
2 2 138 1
300 139 16 1
304 78 205 1
261 150 222 1
253 78 89 1
374 17 280 1
176 69 66 1
111 43 147 1
318 54 153 1
51 86 87 1
360 32 211 1
356 183 249 1
413 37 237 1
82 42 283 1
197 130 298 1
278 45 237 1
111 46 234 1
97 52 5 1
269 110 294 1
372 24 3 1
242 135 132 1
410 205 122 1
412 78 104 1
293 74 296 1
51 16 132 1
244 68 100 1
188 53 93 1
51 17 120 1
279 71 140 1
416 208 260 1
307 76 237 1
69 43 189 1
406 202 96 1
142 109 12 1
258 73 80 1
18 40 125 1
296 51 27 1
170 45 237 1
292 44 64 1
438 178 188 1
376 192 5 1
274 52 214 1
193 122 66 1
51 86 151 1
186 89 121 1
209 42 195 1
14 36 100 1
339 121 279 1
325 24 185 1
438 184 246 1
295 43 138 1
98 46 235 1
242 11 101 1
19 47 38 1
110 54 180 1
65 24 189 1
428 42 5 1
54 55 73 1
416 176 195 1
24 60 107 1
340 75 243 1
433 110 38 1
103 74 4 1
261 83 87 1
438 185 254 1
103 75 73 1
256 76 243 1
231 72 197 1
122 44 69 1
4 4 22 1
304 55 45 1
72 52 185 1
300 141 257 1
94 69 238 1
21 55 237 1
331 165 144 1
252 58 68 1
51 72 138 1
341 17 118 1
172 93 140 1
103 46 153 1
343 52 285 1
93 42 5 1
275 45 260 1
438 138 4 1
114 104 96 1
162 74 41 1
392 77 121 1
126 107 243 1
19 43 173 1
408 82 93 1
93 42 64 1
361 78 21 1
313 77 243 1
289 30 87 1
361 17 22 1
416 217 20 1
294 46 74 1
231 53 65 1
14 34 192 1
260 49 140 1
310 162 180 1
23 24 288 1
386 45 27 1
416 3 104 1
149 45 188 1
169 116 129 1
395 54 173 1
172 93 153 1
313 43 155 1
111 44 220 1
241 43 100 1
170 43 18 1
307 75 121 1
208 99 224 1
410 54 279 1
301 69 118 1
356 182 35 1
208 43 220 1
356 174 80 1
438 174 99 1
54 88 243 1
23 24 129 1
332 133 93 1
407 203 101 1
183 42 243 1
438 185 118 1
242 137 186 1
197 78 72 1
295 43 115 1
44 52 122 1
189 42 118 1
181 44 138 1
292 48 202 1
313 74 185 1
16 0 176 1
197 130 12 1
135 77 93 1
279 154 74 1
56 90 224 1
182 74 38 1
256 45 296 1
340 44 260 1
416 181 288 1
111 43 41 1
318 68 81 1
54 68 13 1
356 80 24 1
194 126 100 1
19 48 122 1
292 156 155 1
242 81 201 1
416 213 15 1
66 93 93 1
428 78 5 1
416 85 219 1
318 52 140 1
19 49 7 1
352 46 290 1
181 44 140 1
278 45 45 1
175 43 69 1
349 78 271 1
82 42 294 1
410 74 0 1
226 78 294 1
65 24 202 1
438 177 71 1
295 52 27 1
356 180 244 1
169 115 232 1
344 169 173 1
356 80 206 1
125 60 188 1
190 121 73 1
358 74 22 1
321 42 294 1
438 173 241 1
356 184 74 1
343 48 285 1
199 70 155 1
56 90 129 1
356 184 182 1
416 215 270 1
65 44 207 1
125 45 8 1
264 99 237 1
403 33 270 1
127 53 81 1
238 46 11 1
321 42 211 1
205 54 5 1
164 43 16 1
169 118 11 1
438 175 254 1
438 178 100 1
356 173 80 1
268 17 197 1
300 139 235 1
169 78 187 1
272 17 71 1
261 145 155 1
307 46 237 1
322 74 220 1
177 45 93 1
103 52 288 1
316 163 121 1
169 119 167 1
182 44 243 1
416 3 35 1
51 72 96 1
278 52 237 1
82 55 215 1
155 17 39 1
19 49 76 1
427 144 138 1
82 78 81 1
427 223 100 1
46 83 238 1
103 44 182 1
371 24 272 1
268 17 99 1
169 34 266 1
278 45 121 1
273 69 77 1
69 48 38 1
356 175 249 1
243 78 266 1
438 80 77 1
300 161 274 1
19 49 107 1
300 161 263 1
242 9 3 1
356 40 131 1
422 41 84 1
431 52 214 1
37 30 72 1
156 97 153 1
268 17 14 1
201 48 202 1
261 109 155 1
9 22 93 1
378 166 208 1
209 42 120 1
45 53 74 1
35 77 187 1
396 198 238 1
103 76 35 1
82 78 27 1
24 64 71 1
102 98 255 1
125 22 115 1
362 32 180 1
436 78 185 1
328 157 18 1
99 52 238 1
197 130 234 1
416 182 35 1
19 43 101 1
157 60 75 1
372 24 45 1
261 141 220 1
345 110 237 1
103 43 182 1
300 141 130 1
390 43 138 1
169 37 241 1
197 78 23 1
307 45 185 1
6 16 121 1
401 199 110 1
68 78 179 1
260 49 21 1
154 42 101 1
135 46 93 1
261 141 155 1
281 52 152 1
206 49 188 1
23 17 73 1
209 42 107 1
242 109 87 1
54 52 153 1
242 143 235 1
291 0 23 1
56 32 68 1
378 193 220 1
356 40 36 1
313 45 277 1
163 112 285 1
124 48 147 1
193 123 53 1
438 178 260 1
295 94 238 1
274 52 138 1
19 47 237 1
184 41 243 1
98 43 186 1
277 78 79 1
208 43 169 1
260 49 288 1
103 77 290 1
42 80 101 1
292 46 62 1
410 206 179 1
338 49 72 1
436 78 296 1
111 75 243 1
242 142 30 1
242 138 288 1
68 42 45 1
170 45 288 1
14 37 131 1
292 49 90 1
307 75 38 1
343 46 285 1
416 216 62 1
42 79 101 1
300 161 115 1
360 32 8 1
82 42 31 1
